.Random.seed <-
c(403L, 10L, -1441111980L, -1060420998L, 2033736133L, 1338157855L, 
2146993830L, -1666541520L, 1190415059L, -1455038223L, 126700576L, 
-1327555906L, -1305956663L, 1457433723L, 356401738L, 967128748L, 
957264303L, -494986907L, -1355020516L, 505285490L, 1352198125L, 
239028263L, -1267347378L, 1237161128L, 1854659243L, 517091273L, 
-1241594920L, -38559098L, 715486049L, -1692141837L, 761456994L, 
-1107978284L, 181002967L, -1877137203L, 1592369252L, -735048118L, 
-1321018443L, -1497241841L, 156709910L, -894853440L, 1265535107L, 
-710237023L, 670222992L, -1244858002L, 1966495513L, -2097165397L, 
-1753179750L, 987479388L, 979293279L, 1970015285L, -1543989300L, 
718750498L, -1841873539L, 343068279L, 1173813150L, 1564333656L, 
1994964923L, -1324527271L, -677885208L, 1306530582L, 119346321L, 
901728579L, -1116912558L, 399038180L, 875204903L, 1769423229L, 
-1220409228L, -255661478L, 1714202277L, -2041744193L, 1261913926L, 
-2003704368L, 208123891L, 1821413137L, -502149312L, -2090551522L, 
252487657L, -232076005L, -69589206L, 80590924L, 768741391L, 1308187461L, 
-1353167620L, -243549358L, 1843027149L, 399187079L, -330913938L, 
-1426597560L, -2146624181L, -1554988887L, -1785077256L, -1352478426L, 
-1296625087L, -1677206573L, -1839486590L, 1580096948L, -370054857L, 
764181549L, 1465739588L, -1816666518L, 416110805L, 1907734127L, 
730964854L, 359158944L, 1709722979L, -987144703L, 1292508528L, 
2066808078L, -2041331847L, -174014709L, -422657990L, 1160990524L, 
-511366017L, -1168457771L, 723382764L, 1869497154L, -1704670051L, 
-1299827433L, -514683778L, -341629896L, -1103068389L, -2147293063L, 
-1598492472L, 704043254L, 833153329L, -1426988701L, 1378218802L, 
-136414076L, -986789689L, 1147073437L, 1513879316L, -923947590L, 
76188677L, 17441247L, 637264998L, -1258970128L, -1234641645L, 
403882673L, -747311776L, -998956290L, -466116983L, 1447840187L, 
1828844426L, -504620436L, 1816351727L, 555031589L, -293878564L, 
2057329330L, 153550253L, 1751269735L, -364192114L, -618510488L, 
-1355612309L, 343468297L, 1210744728L, 152602310L, 731370529L, 
-1700462413L, 1039948322L, 617208852L, -760098665L, -1106992499L, 
869331876L, 1049529738L, -667502091L, 1978356815L, 1687458646L, 
-1485141504L, 609674051L, 40755937L, 1754148944L, -423784274L, 
-2077621159L, 1434776683L, 1670035930L, 916226716L, 1005870239L, 
-1369321739L, 721613708L, 15630946L, 1216935485L, -331704137L, 
305899358L, -1002509672L, 760117755L, 116171673L, -1614906328L, 
153840854L, 994220369L, 1134295043L, -1652121710L, -17756892L, 
1724105703L, 2075351101L, 1357924020L, -526365414L, 1580342885L, 
231682815L, 2015569798L, -1906894576L, -1527584333L, -1356811695L, 
-198581760L, 1768652510L, -689490647L, 2114795739L, -115507222L, 
270540684L, -89911089L, -850784123L, -413977796L, 942000658L, 
577241357L, -306132409L, 1263620142L, 397682056L, 1026014347L, 
-443263383L, 971278904L, -1909531930L, -1365035391L, 1352915475L, 
-1015898686L, -1916610956L, -375429001L, -1528592019L, 1399877124L, 
195140906L, -582731115L, 943123920L, -1061878340L, -155554156L, 
1386078850L, -1017651776L, -2038220996L, -542362992L, -902236382L, 
-1011796472L, -1403813108L, 1899430812L, 945003538L, -287773824L, 
1352702740L, -250579672L, -448581574L, 1955677136L, 1581447788L, 
-1168520140L, 510242962L, 1434859872L, 2004114764L, -415738400L, 
2031279010L, 2058247080L, -1158980468L, -694275140L, -2031475598L, 
-660256784L, -1186519996L, -1710667688L, -1996586950L, -516372368L, 
-781156804L, 42755860L, -42399038L, -1800842528L, -770014084L, 
-1461334832L, -704064606L, -1629680088L, -2128346868L, -944568388L, 
-1216171726L, 1640356032L, 1927811636L, -2082088248L, 999129786L, 
1469795472L, 338233068L, 734582356L, 96757394L, -2109495520L, 
1072625612L, -1833277216L, -786018622L, 472831016L, 354556844L, 
-1466316100L, 179757554L, 77325872L, 854521764L, -44383816L, 
1561860954L, 279745680L, -1979114628L, -1634656492L, -1095967422L, 
-26472704L, -1276724292L, -1717493936L, 2085937442L, 772713032L, 
-1397942260L, -411890596L, -1241181742L, 1199674880L, 407515476L, 
-1219649304L, 115331322L, 1491429072L, -901428948L, -488343308L, 
870346130L, 1775405408L, -1766160372L, 1363880672L, -932765086L, 
1503574696L, -1222133172L, 181061500L, -82424526L, 1341335152L, 
1218132804L, 2090092504L, 1317855098L, -1116672464L, -1006954564L, 
-61434284L, 995149890L, -1379778400L, 1191849660L, -1882469936L, 
-1702386846L, -345816344L, 1391083724L, 47563260L, -1886328334L, 
467614336L, 2120119796L, 632399496L, -2012373190L, -1351236784L, 
2405484L, 665794964L, -1840815022L, 1701423584L, -1115194164L, 
1272687776L, -1867393662L, 1310269672L, 1685716716L, -301298372L, 
-1298367374L, -1224941456L, -1106053084L, 1543777336L, 700282650L, 
-1841185584L, -1039968452L, -1021356140L, 752503682L, -748965440L, 
-678048196L, 1224156560L, 1933370914L, 438148360L, -1849882996L, 
1118820124L, 1799790738L, -323647104L, -1849893356L, -1168863448L, 
1101681210L, 154883536L, 300812652L, -336125004L, 1323698194L, 
710716896L, -362381364L, 1428152544L, 1779554338L, -1815854808L, 
1599323660L, -696787140L, -2129871886L, -1537561872L, 2008644L, 
1739219544L, -93888710L, -1082968592L, 995102396L, 1110497556L, 
1984248514L, -1052472224L, -1926777988L, -548403248L, 375390498L, 
-1762276696L, -1702857844L, 1478174908L, 1842308914L, -992245184L, 
1241687220L, -1707050424L, -1228218950L, -1237173744L, 362515180L, 
-113948332L, -155533038L, -574014048L, -2136597812L, -1756987808L, 
1321803714L, 731234088L, 789499820L, -90098884L, 1019873650L, 
198982448L, -1162656476L, -1318003912L, 8214234L, -531472496L, 
-1830342916L, -2145844332L, 960804930L, -710073088L, -1760312260L, 
628490576L, -1908766558L, 2094258504L, 1384941324L, 1974153948L, 
1668509010L, 1042201728L, 132202580L, 1411586024L, -819175174L, 
1852181328L, 298770220L, -1376609932L, -905884782L, -113760160L, 
716875148L, -988824736L, -2111796766L, -1169151064L, -924533556L, 
1791391740L, 122807730L, 597888496L, -138789948L, 1410309464L, 
-343002758L, -281785424L, 485753276L, 559188052L, 1447383869L, 
1274239402L, -1363593656L, -1265105295L, -1136068637L, 347079396L, 
-1763812846L, 459148775L, -409069135L, 1001762806L, 1578201620L, 
-2041578203L, -1025143249L, -122979352L, -1949561658L, 854014323L, 
1271038421L, -4467278L, -2016859264L, -673140887L, 694461403L, 
-261059796L, -1327639238L, -1422447633L, 2058944121L, 1035766030L, 
-1720100644L, 2009485133L, -131350857L, 1847766080L, -2009307874L, 
1691484139L, -1001667731L, 397775322L, 101239704L, 603779585L, 
-733879373L, 934806228L, -949165086L, 2020750967L, -1757990975L, 
775048518L, -1584767868L, 239985205L, 733882911L, -929731208L, 
-1282347946L, -1698303773L, 265836197L, -43771070L, 885322032L, 
-19707559L, -818328885L, -778685636L, -1650943126L, 1355544991L, 
1147531305L, -450213186L, -1436546132L, -1033684739L, 853947463L, 
-217132240L, -347548594L, -1449150341L, 1127873501L, 664773130L, 
-1406810328L, 95181201L, -517021821L, 1467257988L, -679914830L, 
-934246905L, 1010140753L, 857554390L, -1324019532L, 321473733L, 
1894747663L, -751597944L, -5444698L, -950197421L, 2004806837L, 
481561106L, -1836562464L, -1373742519L, 1822118011L, 452329804L, 
694523098L, 171889871L, 512032921L, 1039572142L, 1121003964L, 
975376941L, 1903519191L, -1224135648L, 277614974L, -183648437L, 
-980023987L, 1823427450L, -802599496L, -1641910431L, -717502701L, 
-1922408652L, -1849684670L, 796311895L, -1379070815L, -1976199834L, 
1305311076L, 406828693L, 679538623L, -242863272L, 2113737078L, 
62919555L, -1491283515L, -41519390L, 1362237264L, 760066681L, 
326301099L, 929856284L, 2138000458L, 211064895L, 923617417L, 
-629879650L, -407668404L, 72786205L, -1123504985L, 541408208L, 
796377966L, -152976869L, -919420035L, 1135468906L, -1295065080L, 
-150206287L, -1048352989L, 2146296868L, 557364946L, -222227673L, 
751965553L, 1042471862L, 387120980L, -645727771L, -936860689L, 
